Tijd (s)	Kracht (N)	Verplaatsing (mm)
0	-30	-0,976
0	-30	-0,976
0,012	-30	-0,977
0,027	-30	-0,978
0,048	-30,5	-0,979
0,065	-30,5	-0,98
0,078	-31	-0,98
0,09	-31	-0,981
0,101	-31	-0,982
0,119	-31	-0,982
0,135	-31,5	-0,983
0,151	-32	-0,984
0,17	-32	-0,985
0,183	-32	-0,985
0,195	-32	-0,986
0,208	-32	-0,987
0,224	-32	-0,988
0,251	-32,5	-0,989
0,266	-33	-0,99
0,281	-33	-0,99
0,296	-33	-0,991
0,309	-33,5	-0,992
0,329	-33,5	-0,993
0,345	-34	-0,993
0,358	-34	-0,994
0,372	-34	-0,995
0,389	-34,5	-0,996
0,403	-34,5	-0,996
0,42	-34,5	-0,997
0,432	-34,5	-0,998
0,445	-35	-0,998
0,459	-35	-0,999
0,474	-35	-1
0,488	-35,5	-1
0,5	-35,5	-1,001
0,519	-36	-1,002
0,536	-36	-1,003
0,554	-36,5	-1,004
0,567	-36,5	-1,004
0,579	-36,5	-1,005
0,593	-36,5	-1,006
0,612	-37	-1,007
0,631	-37	-1,008
0,644	-37,5	-1,008
0,659	-37,5	-1,01
0,676	-38	-1,01
0,693	-38	-1,011
0,705	-38	-1,012
0,718	-38,5	-1,012
0,731	-38,5	-1,013
0,745	-39	-1,014
0,758	-39	-1,014
0,778	-39	-1,016
0,799	-39,5	-1,016
0,816	-39,5	-1,017
0,828	-39,5	-1,018
0,85	-40	-1,019
0,868	-40	-1,02
0,882	-40,5	-1,02
0,899	-40,5	-1,021
0,917	-40,5	-1,022
0,934	-41	-1,023
0,949	-41,5	-1,024
0,966	-41,5	-1,025
0,984	-41,5	-1,026
1,001	-41,5	-1,026
1,017	-41,5	-1,027
1,037	-41,5	-1,028
1,052	-42,5	-1,029
1,068	-42,5	-1,03
1,083	-42,5	-1,03
1,101	-43	-1,032
1,118	-43	-1,032
1,134	-43	-1,033
1,153	-43,5	-1,034
1,17	-43,5	-1,035
1,189	-43,5	-1,036
1,209	-43,5	-1,037
1,225	-43,5	-1,038
1,241	-44	-1,038
1,255	-44,5	-1,039
1,267	-44,5	-1,04
1,279	-44,5	-1,04
1,297	-44,5	-1,041
1,309	-44,5	-1,042
1,328	-44,5	-1,043
1,345	-45	-1,044
1,363	-45	-1,044
1,379	-45	-1,045
1,397	-45,5	-1,046
1,41	-45,5	-1,047
1,424	-45,5	-1,048
1,445	-45,5	-1,048
1,461	-46,5	-1,049
1,474	-46,5	-1,05
1,486	-46,5	-1,051
1,51	-46,5	-1,052
1,527	-46,5	-1,053
1,549	-47	-1,054
1,562	-47,5	-1,054
1,575	-47,5	-1,055
1,587	-47,5	-1,056
1,6	-47,5	-1,056
1,613	-48	-1,057
1,629	-48	-1,058
1,646	-48	-1,058
1,66	-48	-1,059
1,675	-48	-1,06
1,695	-48,5	-1,061
1,709	-48,5	-1,062
1,723	-48,5	-1,062
1,736	-48,5	-1,063
1,749	-49	-1,064
1,767	-49	-1,065
1,783	-49	-1,066
1,801	-49,5	-1,067
1,819	-49,5	-1,068
1,836	-49,5	-1,068
1,856	-49,5	-1,07
1,877	-50,5	-1,07
1,89	-50,5	-1,071
1,902	-50,5	-1,071
1,914	-50,5	-1,072
1,932	-50,5	-1,073
1,946	-50,5	-1,074
1,961	-50,5	-1,074
1,975	-51	-1,075
1,995	-51	-1,076
2,01	-51	-1,077
2,025	-51,5	-1,077
2,038	-51,5	-1,078
2,059	-51,5	-1,079
2,074	-52	-1,08
2,088	-52	-1,081
2,114	-52	-1,082
2,13	-52,5	-1,083
2,148	-52,5	-1,084
2,165	-52,5	-1,084
2,182	-52,5	-1,085
2,196	-52,5	-1,086
2,212	-53	-1,087
2,226	-53	-1,088
2,244	-53	-1,088
2,257	-53	-1,089
2,27	-53	-1,09
2,284	-53,5	-1,09
2,296	-53,5	-1,091
2,309	-53,5	-1,092
2,321	-53,5	-1,092
2,335	-54	-1,093
2,352	-54	-1,094
2,364	-54	-1,094
2,376	-54	-1,095
2,393	-54,5	-1,096
2,405	-54,5	-1,096
2,417	-54,5	-1,097
2,431	-54,5	-1,098
2,452	-55	-1,099
2,469	-55	-1,1
2,488	-55	-1,101
2,504	-55	-1,102
2,522	-55,5	-1,102
2,54	-55,5	-1,103
2,553	-55,5	-1,104
2,57	-55,5	-1,105
2,586	-55,5	-1,105
2,598	-56	-1,106
2,613	-56	-1,107
2,629	-56	-1,108
2,646	-56	-1,108
2,659	-56	-1,109
2,677	-56,5	-1,11
2,689	-56,5	-1,11
2,702	-56,5	-1,111
2,718	-57	-1,112
2,738	-57	-1,113
2,755	-57	-1,114
2,775	-57	-1,115
2,792	-57	-1,116
2,807	-57,5	-1,117
2,827	-57,5	-1,118
2,844	-57,5	-1,118
2,859	-57,5	-1,119
2,876	-58	-1,12
2,89	-58	-1,121
2,909	-58	-1,122
2,927	-58,5	-1,123
2,94	-58,5	-1,123
2,954	-59	-1,124
2,97	-59	-1,125
2,986	-58,5	-1,126
3,004	-59	-1,127
3,022	-59	-1,128
3,041	-59	-1,128
3,056	-59	-1,129
3,071	-59	-1,13
3,09	-59	-1,131
3,105	-59,5	-1,131
3,119	-59,5	-1,132
3,132	-59,5	-1,133
3,149	-59,5	-1,134
3,169	-60	-1,135
3,184	-60	-1,135
3,196	-60	-1,136
3,214	-60	-1,137
3,229	-60,5	-1,138
3,243	-60,5	-1,138
3,259	-60,5	-1,139
3,271	-60,5	-1,14
3,282	-60,5	-1,14
3,297	-60,5	-1,141
3,318	-61	-1,142
3,335	-61	-1,143
3,353	-61	-1,144
3,37	-61	-1,145
3,388	-61,5	-1,146
3,404	-61,5	-1,146
3,42	-61,5	-1,147
3,435	-61,5	-1,148
3,451	-61,5	-1,149
3,467	-61,5	-1,15
3,486	-61,5	-1,15
3,499	-62	-1,151
3,513	-62,5	-1,152
3,538	-62,5	-1,153
3,551	-62,5	-1,154
3,563	-62,5	-1,154
3,582	-62,5	-1,155
3,595	-63	-1,156
3,609	-63	-1,156
3,621	-63	-1,157
3,635	-63	-1,158
3,653	-63	-1,159
3,668	-63	-1,16
3,684	-63	-1,16
3,697	-63,5	-1,161
3,712	-63,5	-1,162
3,727	-64	-1,162
3,742	-64	-1,163
3,757	-64	-1,164
3,77	-64	-1,164
3,784	-64	-1,165
3,801	-64	-1,166
3,813	-64	-1,167
3,826	-64,5	-1,167
3,838	-64,5	-1,168
3,854	-64,5	-1,169
3,869	-64,5	-1,17
3,883	-65	-1,17
3,897	-65	-1,171
3,911	-65	-1,172
3,93	-65,5	-1,172
3,943	-65,5	-1,173
3,957	-65,5	-1,174
3,97	-65,5	-1,175
3,988	-65,5	-1,176
4,006	-65,5	-1,176
4,024	-65,5	-1,177
4,037	-66	-1,178
4,055	-66	-1,179
4,076	-66,5	-1,18
4,089	-66,5	-1,18
4,101	-66,5	-1,181
4,113	-66,5	-1,182
4,131	-66,5	-1,183
4,147	-66,5	-1,184
4,161	-66,5	-1,184
4,18	-67	-1,185
4,197	-67	-1,186
4,209	-67	-1,186
4,221	-67	-1,187
4,234	-67	-1,188
4,246	-67	-1,188
4,258	-67,5	-1,189
4,271	-67,5	-1,19
4,286	-67,5	-1,19
4,3	-67,5	-1,191
4,312	-68	-1,192
4,325	-68	-1,192
4,338	-68	-1,193
4,35	-68	-1,194
4,363	-68	-1,194
4,375	-68	-1,195
4,388	-68,5	-1,196
4,406	-68,5	-1,196
4,421	-68,5	-1,197
4,433	-68,5	-1,198
4,445	-69	-1,198
4,462	-69	-1,199
4,476	-69	-1,2
4,489	-69	-1,201
4,508	-69	-1,202
4,525	-69	-1,203
4,545	-69	-1,204
4,561	-69	-1,204
4,573	-69,5	-1,205
4,592	-69,5	-1,206
4,606	-69,5	-1,206
4,618	-69,5	-1,207
4,63	-69,5	-1,208
4,643	-69,5	-1,209
4,663	-69,5	-1,209
4,676	-70	-1,21
4,692	-70	-1,21
4,704	-70	-1,211
4,716	-70	-1,212
4,728	-70	-1,212
4,741	-70	-1,213
4,753	-70,5	-1,214
4,772	-70,5	-1,214
4,785	-70,5	-1,215
4,797	-70,5	-1,216
4,812	-70,5	-1,217
4,826	-70,5	-1,217
4,841	-70,5	-1,218
4,854	-70,5	-1,219
4,871	-70,5	-1,22
4,883	-70,5	-1,22
4,896	-70,5	-1,221
4,912	-70,5	-1,222
4,927	-70,5	-1,222
4,942	-70,5	-1,223
4,955	-71	-1,224
4,97	-71	-1,224
4,982	-71	-1,226
5,002	-71	-1,226
5,02	-71	-1,227
5,038	-71	-1,228
5,051	-71	-1,229
5,072	-71	-1,23
5,086	-71,5	-1,231
5,102	-71	-1,232
5,119	-71	-1,232
5,138	-71,5	-1,233
5,15	-71,5	-1,234
5,164	-71,5	-1,235
5,187	-71,5	-1,236
5,204	-71,5	-1,236
5,219	-71,5	-1,237
5,231	-72	-1,238
5,247	-72	-1,239
5,265	-72	-1,24
5,285	-72	-1,24
5,303	-72	-1,241
5,321	-72	-1,242
5,337	-72	-1,243
5,353	-72	-1,244
5,368	-72	-1,245
5,389	-72	-1,246
5,41	-72	-1,246
5,424	-72	-1,247
5,439	-72,5	-1,248
5,454	-72,5	-1,248
5,466	-73	-1,25
5,484	-73	-1,25
5,507	-73	-1,252
5,526	-73	-1,252
5,544	-73	-1,253
5,562	-73,5	-1,254
5,579	-73,5	-1,255
5,593	-73,5	-1,256
5,606	-73,5	-1,256
5,624	-74	-1,258
5,643	-74	-1,258
5,662	-74	-1,259
5,677	-74,5	-1,26
5,689	-74,5	-1,26
5,702	-74,5	-1,261
5,715	-74,5	-1,262
5,727	-75	-1,262
5,739	-75	-1,263
5,751	-75	-1,264
5,763	-75	-1,264
5,777	-75,5	-1,265
5,791	-75,5	-1,266
5,809	-75,5	-1,267
5,837	-76	-1,268
5,855	-76	-1,269
5,872	-76,5	-1,27
5,888	-76,5	-1,27
5,904	-76,5	-1,271
5,921	-77	-1,272
5,933	-77	-1,273
5,948	-77	-1,274
5,968	-77	-1,274
5,982	-77	-1,275
5,997	-77,5	-1,276
6,013	-77,5	-1,277
6,029	-77,5	-1,278
6,043	-77,5	-1,278
6,057	-77,5	-1,279
6,074	-78	-1,28
6,091	-78	-1,281
6,107	-78	-1,281
6,12	-78	-1,282
6,132	-78,5	-1,283
6,149	-78,5	-1,284
6,169	-78,5	-1,284
6,184	-79	-1,285
6,196	-79	-1,286
6,208	-79	-1,286
6,22	-79	-1,287
6,233	-79	-1,288
6,252	-79,5	-1,289
6,269	-79,5	-1,29
6,281	-79,5	-1,29
6,297	-79,5	-1,291
6,314	-79,5	-1,292
6,331	-79,5	-1,292
6,346	-79,5	-1,294
6,363	-79,5	-1,294
6,378	-79,5	-1,295
